<< Prediction Matrix >>

3.1420    	2.6480    	1.6490    	1.0132    	1.1160    	0.8830    	0.4230    	3.9760    	1.6152    	3.1430    
3.4120    	0.3140    	3.7960    	4.2330    	2.1590    	4.5130    	2.3920    	0.8680    	2.4730    	3.7049    
4.4080    	4.4950    	2.0520    	2.0600    	0.0510    	2.7660    	3.3550    	3.7390    	4.0850    	0.0000    
1.7310    	3.1458    	2.1468    	1.5110    	4.8660    	2.2170    	3.0030    	2.9010    	2.1130    	3.6408    
0.5550    	4.8870    	1.2170    	0.8030    	3.7990    	4.8770    	2.8310    	0.9910    	4.4930    	0.4370    


<< User Similarity Matrix >>

1.0000    	0.7667    	0.6750    	0.9770    	1.0696    
0.7667    	1.0000    	0.7643    	0.7658    	0.6651    
0.6750    	0.7643    	1.0000    	1.1167    	1.2119    
0.9770    	0.7658    	1.1167    	1.0000    	0.4980    
1.0696    	0.6651    	1.2119    	0.4980    	1.0000    


<< Prediction History >>

Position (0,3) => Neighbours: [0 3], Prediction: [1.01321429]
Position (0,8) => Neighbours: [0 3], Prediction: [1.61521429]
Position (1,9) => Neighbours: [0 3], Prediction: [3.70494444]
Position (2,3) => Neighbours: [3 2], Prediction: [2.06]
Position (2,5) => Neighbours: [3 2], Prediction: [2.766]
Position (3,1) => Neighbours: [3 0], Prediction: [3.14578571]
Position (3,2) => Neighbours: [3 0], Prediction: [2.14678571]
Position (3,9) => Neighbours: [3 0], Prediction: [3.64078571]
