<< Prediction Matrix >>

5.0000    	3.0000    	4.0000    	4.0000    	2.0000    
3.0000    	1.0000    	2.0000    	3.0000    	3.0000    
4.0000    	3.0000    	4.0000    	3.0000    	5.0000    
3.0000    	3.0000    	1.0000    	5.0000    	4.0000    
1.0000    	5.0000    	5.0000    	2.0000    	1.0000    


<< User Similarity Matrix >>

1.0000    	0.7500    	0.3536    	0.5590    	0.7500    
0.7500    	1.0000    	0.5590    	0.5000    	0.7906    
0.3536    	0.5590    	1.0000    	0.5590    	0.6124    
0.5590    	0.5000    	0.5590    	1.0000    	0.9014    
0.7500    	0.7906    	0.6124    	0.9014    	1.0000    


<< Prediction History >>

Position (0,4) => Neighbours: [4 1], Prediction: [2.]
