<< Prediction Matrix >>

5.0000    	3.0000    	4.0000    	4.0000    	3.9066    
3.0000    	1.0000    	2.0000    	3.0000    	3.0000    
4.0000    	3.0000    	4.0000    	3.0000    	5.0000    
3.0000    	3.0000    	1.0000    	5.0000    	4.0000    
1.0000    	5.0000    	5.0000    	2.0000    	1.0000    


<< User Similarity Matrix >>

1.0000    	0.8528    	0.7071    	0.0000    	-0.7921   
0.8528    	1.0000    	0.3015    	0.4264    	-0.8866   
0.7071    	0.3015    	1.0000    	-0.7071   	-0.1400   
0.0000    	0.4264    	-0.7071   	1.0000    	-0.5941   
-0.7921   	-0.8866   	-0.1400   	-0.5941   	1.0000    


<< Prediction History >>

Position (0,4) => Neighbours: [1 2], Prediction: [3.90659966]
