<< Prediction Matrix >>

3.1420    	2.6480    	1.6490    	3.6711    	1.1160    	0.8830    	0.4230    	3.9760    	2.5317    	3.1430    
3.4120    	0.3140    	3.7960    	4.2330    	2.1590    	4.5130    	2.3920    	0.8680    	2.4730    	0.0000    
4.4080    	4.4950    	2.0520    	4.7178    	0.0510    	3.4282    	3.3550    	3.7390    	4.0850    	4.1898    
1.7310    	2.8069    	2.4537    	1.5110    	4.8660    	2.2170    	3.0030    	2.9010    	2.1130    	0.5683    
0.5550    	4.8870    	1.2170    	0.8030    	3.7990    	4.8770    	2.8310    	0.9910    	4.4930    	0.4370    


<< User Similarity Matrix >>

1.0000    	0.7080    	0.8677    	0.6847    	0.4384    
0.7080    	1.0000    	0.8283    	0.8238    	0.7624    
0.8677    	0.8283    	1.0000    	0.6488    	0.4866    
0.6847    	0.8238    	0.6488    	1.0000    	0.9526    
0.4384    	0.7624    	0.4866    	0.9526    	1.0000    


<< Prediction History >>

Position (0,3) => Neighbours: [2 1], Prediction: [3.67105556]
Position (0,8) => Neighbours: [2 1], Prediction: [2.53173934]
Position (2,3) => Neighbours: [0 1], Prediction: [4.71784127]
Position (2,5) => Neighbours: [0 1], Prediction: [3.42817468]
Position (2,9) => Neighbours: [0 1], Prediction: [4.18978571]
Position (3,1) => Neighbours: [4 1], Prediction: [2.80686113]
Position (3,2) => Neighbours: [4 1], Prediction: [2.45368883]
Position (3,9) => Neighbours: [4 1], Prediction: [0.56828571]
